//-	cashshop(#EVENTPOINTS)	Headgears	-1,2202,1,2204,1,5170,1,5225,1,5361,1,5596,1,5597,1,5594,1,5574,1,5463,1,5305,1,5293,1,5430,1,5518,1,5374,1,5277,1,5278,1,5137,1,5423,1,5800,1,5325,1,5409,1,5340,1,5341,1,5342,1,5343,1,5344,1,5345,1,5451,1,5445,1
//-	cashshop(#EVENTPOINTS)	Garments	-1,2554,1,2537,1,2542,1,2524,1,2538,1,2539,1,2540,1,2549,1
//-	cashshop(#EVENTPOINTS)	Armors	-1,2375,1,2374,1,2387,1,2357,1,2376,1,2377,1,2378,1,2379,1,2380,1,2381,1,2382,1,2394,1
//-	cashshop(#EVENTPOINTS)	Shields	-1,2115,1,2138,1,2131,1,2124,1
//-	cashshop(#EVENTPOINTS)	Footgears	-1,2435,1,2436,1,2437,1,2433,1,2421,1,2423,1,2444,1
//-	cashshop(#EVENTPOINTS)	Accesories	-1,2788,1,2744,1,2678,1,2655,1,2730,1,2732,1,2729,1,2622,1,2624,1,2701,1,2702,1,2749,1,2731,1,2772,1
//-	cashshop(#EVENTPOINTS)	Weapons	-1,13033,1,1205,1,1214,1,1226,1,1211,1,1228,1,1230,1,1202,1,1208,1,13027,1,13414,1,1573,1,1715,1,1727,1,1705,1,1730,1,1736,1,1716,1,1726,1,1520,1,1511,1,1525,1,1544,1,1505,1,1910,1,1926,1,1951,1,1980,1,1979,1,1953,1,1624,1,1618,1,1620,1,13155,1,13150,1,13159,1,13103,1,13152,1,13161,1,13157,1,13153,1,13105,1,13156,1,13167,1,13106,1,13162,1,13165,1,13170,1,13164,1,13154,1,13101,1,13169,1,13107,1
//-	cashshop(#EVENTPOINTS)	BG Weapons	-1,13036,1,13411,1,1425,1,1632,1,1634,1,1543,1,1924,1,1978,1,1574,1,1824,1,1183,1,1380,1,13305,1,1279,1,1739,1,13108,1,13172,1,13037,1,13410,1,1633,1,1635,1,1542,1,1923,1,1977,1,1575,1,1823,1,1184,1,1482,1,1379,1,13306,1,1280,1,1738,1,13171,1,13173,1,13174,1,1187,1,1281,1,1282,1,1310,1,1382,1,1426,1,1486,1,1546,1,1576,1,1577,1,1640,1,1641,1,1743,1,1826,1,1827,1,1927,1,1981,1,2002,1,13042,1,13110,1,13176,1,13177,1,13178,1,13179,1,13307,1,13416,1,13417,1,13418,1
//-	cashshop(#EVENTPOINTS)	Cards1	-1,4140,1,4062,1,4043,1,4018,1,4094,1,4246,1,4247,1,4307,1,4320,1,4214,1,4428,1,4390,1,4063,1,1,4289,1,4368,1,4284,1,4452,1,4202,1,4153,1,4297,1,4171,1,4388,1,4082,1,4125,1,4182,1,4069,1,4180,1,4004,1,4421,1,4176,1,4118,1,4251,1,4360,1,4002,1,4316,1,4020,1,4026,1,4080,1,4323,1,4165,1,4157,1,4060,1,4155,1,4156,1,4072,1,4163,1,4345,1,4019,1,4362,1,4115,1,4035,1,4268,1,4065,1,4292,1,4291,1,4350,1,4184,1,4006,1,4076,1,4030,1,4055,1,4341,1,4057,1,4126,1,4317,1,4106,1,4203,1,4440,1,4167,1,4255,1,4085,1,4310,1,4007,1,4329,1,4335,1,4024,1,4380,1,4104,1,4192,1,4005,1,4017,1,4068,1,4130,1,4312,1,4273,1,4117,1,4406,1,4025,1,4092,1,4037,1,4394,1,4086,1,4225,1,4111,1,4427,1,4398,1,4395,1,4172,1,4308,1,4049,1,4029,1,4096,1,4281,1,4274,1
//-	cashshop(#EVENTPOINTS)	Cards2	-1,4444,1,4253,1,4032,1,4248,1,4013,1,4138,1,4240,1,4075,1,4074,1,4217,1,4439,1,4322,1,4413,1,4045,1,4231,1,4136,1,4124,1,4067,1,4090,1,4420,1,4207,1,4066,1,4309,1,4314,1,4083,1,4414,1,4120,1,4059,1,4226,1,4304,1,4340,1,4397,1,4058,1,4012,1,4254,1,4277,1
//-	cashshop(#EVENTPOINTS)	Cards3	-1,4252,1,4344,1,4347,1,4356,1,4215,1,4327,1,4212,1,4262,1,4293,1,4040,1,4272,1,4385,1,4154,1,4349,1,4349,1,4152,1,4423,1,4149,1,4418,1,4283,1,4377,1,4355,1,4331,1,4437,1,4232,1,4103,1,4321,1,4433,1,4139,1,4091,1,4027,1,4265,1,4193,1,4079,1,4196,1,4084,1,4205,1,4036,1,4093,1,4256,1,4238,1,4237,1,4077,1,4073,1,4389,1,4048,1,4175,1,4033,1,4294,1,4436,1,4187,1,4391,1,4219,1,4326,1,4230,1,4416,1,4228,1,4044,1,4415,1,4022,1,4227,1,4224,1,4028,1,4282,1,4209,1,4053,1,4348,1,4264,1,4034,1,4190,1,4051,1,4064,1
//-	cashshop(#EVENTPOINTS)	Cards4	-1,4109,1,4244,1,4245,1,4249,1,4009,1,4235,1,4070,1,4267,1,4160,1,4319,1,4151,1,4378,1,4381,1,4164,1,4417,1,4239,1,4050,1,4097,1,4200,1,4199,1,4204,1,4208,1,4186,1,4221,1,4100,1,4396,1,4107,1,4257,1,4038,1,4275,1,4435,1,4402,1,4129,1,4285,1,4373,1,4015,1,4179,1,4178,1,4056,1,4266,1,4088,1,4303,1,4325,1,4081,1,4116,1,4287,1,4431,1,4351,1,4432,1,4113,1,4095,1,4197,1,4108,1,4159,1,4334,1,4375,1,4071,1,4313,1,4133,1,4422,1,4429,1,4306,1,4183,1,4211,1,4210,1,4102,1
//-	cashshop(#EVENTPOINTS)	Cards5	-1,4438,1,4379,1,4288,1,4229,1,4041,1,4296,1,4169,1,4122,1,4177,1,4052,1,4258,1,4354,1,4110,1,4271,1,4278,1,4087,1,4161,1,4343,1,4269,1,4412,1,4366,1,4434,1,4195,1,4188,1,4112,1,4364,1,4046,1,4206,1,4127,1,4311,1,4185,1,4358,1,4039,1,4223,1,4336,1,4411,1,4010,1,4261,1,4260,1
//-	cashshop(#EVENTPOINTS)	Cards6	-1,4409,1,4401,1,4400,1,4387,1,4234,1,4243,1,4242,1,4371,1,4114,1,4023,1,4233,1,4119,1,4213,1,4300,1,4299,1,4061,1,4298,1,4170,1,4173,1,4370,1,4181,1,4098,1,4279,1,4410,1,4346,1,4141,1,4405,1,4280,1,4270,1,4150,1,4162,1,4286,1,4301,1,4295,1,4191,1,4201,1,4105,1,4339,1,4166,1,4392,1,4338,1,4099,1,4031,1,4315,1,4008,1,4011,1,4337,1,4001,1,4003,1,4383,1,4353,1,4021,1,4014,1,4194,1,4101,1,4216,1,4078,1,4393,1,4222,1,4404,1,4158,1,4220,1,4042,1,4218,1,4089,1,4016,1,4369,1,4333,1,4332,1,4259,1,4189,1,4382,1
//renta1,13,7,5	shop	Ammunition::ammu	845,1766,1,1755,1,1750,1,1754,1,1761,1,1752,1,1760,1,1759,1,1772,1,1757,1,1770,1,1769,1,1765,1,1763,1,1762,1,1767,1,1764,1,1751,1,1768,1,1753,1,1756,1,1758,1,1771,1,13200,1,13202,1,13201,1,13206,1,13203,1,13207,1,13204,1,13205,1,13252,1,13254,1,13251,1,13253,1,13250,1,13256,1,13259,1,13258,1,13255,1,13257,1
// 
 
 
 
 
//===== eAthena Script =======================================
//= Euphy's Quest Shop
//===== By: ==================================================
//= Euphy
//===== Current Version: =====================================
//= 1.4a - eAthena
//===== Description: =========================================
//= A dynamic quest shop based on Lunar's, with easier config.
//= Includes support for multiple shops & cashpoints.
//= Item Preview script by ToastOfDoom.
//============================================================
					
invek,140,205,4	script	Card Shop#BG	447,{
function Add; function Chk; function Slot; function A_An;

	if(.Shops$ != "") set .@i,1;
	else {
		set .@menu$,"";
		for(set .@i,1; .@i<=getarraysize(.Shops$); set .@i,.@i+1)
			set .@menu$, .@menu$+.Shops$[.@i]+":";
		set .@i, select(.@menu$); }
	dispbottom "Select one item at a time.";
	callshop "cards"+.@i,1;
	npcshopattach "cards"+.@i;
	end;

function Add {
	if (getitemname(getarg(1))=="null") {
		debugmes "Quest reward #"+getarg(1)+" invalid (skipped)."; return; }
	for(set .@n,5; .@n<127; set .@n,.@n+2) {
		if (!getarg(.@n,0)) break;
		if (getitemname(getarg(.@n))=="null") {
			debugmes "Quest requirement #"+getarg(.@n)+" invalid (skipped)."; return; } }
	for(set .@i,2; .@i<.@n; set .@i,.@i+1)
		set getd(".q_"+getarg(1)+"["+(.@i-2)+"]"), getarg(.@i);
	npcshopadditem "cards"+getarg(0),getarg(1),((.ShowZeny)?getarg(3):0);
	sleep 1;
	return; }
function Chk {
	if (getarg(0)<getarg(1)) { set @qe0,1; return "^FF0000"; }
	else return "^00FF00"; }
function Slot {
	set .@s$,getitemname(getarg(0));
	switch(.ShowSlot){
		case 1: if (!getitemslots(getarg(0))) return .@s$;
		case 2: if (getiteminfo(getarg(0),11)>0) return .@s$+" ["+getitemslots(getarg(0))+"]";
		default: return .@s$; } }
function A_An {
	setarray .@A$[0],"a","e","i","o","u";
	set .@B$, "_"+getarg(0);
	for(set .@i,0; .@i<5; set .@i,.@i+1)
		if (compare(.@B$,"_"+.@A$[.@i])) return "an "+getarg(0);
	return "a "+getarg(0); }

OnBuyItem:
	set .@q[0],@bought_nameid;
	copyarray .@q[1],getd(".q_"+@bought_nameid+"[0]"),getarraysize(getd(".q_"+@bought_nameid+"[0]"));
	if (!.@q[1]) { message strcharinfo(0),"An error has occurred."; end; }
	mes "[Quest Shop]";
	mes "Reward: ^0055FF"+((.@q[1]>1)?.@q[1]+"x ":"")+Slot(.@q[0])+"^000000";
	mes "Requirements:";
	if (.@q[2]) mes " > "+Chk(Zeny,.@q[2])+.@q[2]+" Zeny^000000";
	if (.@q[3]) mes " > "+Chk(getd(.Points$[0]),.@q[3])+.@q[3]+" "+.Points$[1]+" ("+getd(.Points$[0])+"/"+.@q[3]+")^000000";
	if (.@q[4]) for(set .@i,4; .@i<getarraysize(.@q); set .@i,.@i+2)
		mes " > "+Chk(countitem(.@q[.@i]),.@q[.@i+1])+((.DisplayID)?"{"+.@q[.@i]+"} ":"")+Slot(.@q[.@i])+" ("+countitem(.@q[.@i])+"/"+.@q[.@i+1]+")^000000";
	next;
	set @qe1, getiteminfo(.@q[0],5); set @qe2, getiteminfo(.@q[0],11);
	addtimer 1000, strnpcinfo(1)+"::OnEnd";
	while(1){
		switch(select(" ~ Purchase ^0055FF"+getitemname(.@q[0])+"^000000:"+((((@qe1&1) || (@qe1&256) || (@qe1&512)) && @qe2>0 && !@qe6)?" ~ Preview...":"")+": ~ ^777777Cancel^000000")) {
			case 1:
				if (@qe0) { 
					mes "[Quest Shop]";
					mes "You're missing one or more quest requirements.";
					close; }
				if (!checkweight(.@q[0],.@q[1])) {
					mes "[Quest Shop]";
					mes "^FF0000You need "+(((.@q[1]*getiteminfo(.@q[0],6))+Weight-MaxWeight)/10)+" additional weight capacity to complete this trade.^000000";
					close; }
				if (.@q[2]) set Zeny, Zeny-.@q[2];
				if (.@q[3]) setd .Points$[0], getd(.Points$[0])-.@q[3];
				if (.@q[4]) for(set .@i,4; .@i<getarraysize(.@q); set .@i,.@i+2)
					delitem .@q[.@i],.@q[.@i+1];
				getitem .@q[0],.@q[1];
				if (.Announce) announce strcharinfo(0)+" has created "+A_An(getitemname(.@q[0]))+"!",0;
				specialeffect2 699;
				close;
			case 2:
				set @qe3, getlook(3); set @qe4, getlook(4); set @qe5, getlook(5);
				if (@qe1&1) atcommand "@changelook 3 "+@qe2;
				if (@qe1&256) atcommand "@changelook 1 "+@qe2;
				if (@qe1&512) atcommand "@changelook 2 "+@qe2;
				set @qe6,1;
				break;
			case 3:
				close; } }
OnEnd:
	if (@qe6) { atcommand "@changelook 3 "+@qe3; atcommand "@changelook 1 "+@qe4; atcommand "@changelook 2 "+@qe5; }
	for(set .@i,0; .@i<7; set .@i,.@i+1) setd "@qe"+.@i,0;
	end;
OnInit:
// --------------------- Config ---------------------
// Custom points, if needed: "<variable>","<name to display>"
	setarray .Points$[0],"#CASHPOINTS","Cash Points";

	set .Announce,1;	// Announce quest completion? (1: yes / 0: no)
	set .ShowSlot,1;	// Show item slots? (2: all equipment / 1: if slots > 0 / 0: never)
	set .DisplayID,0;	// Show item IDs? (1: yes / 0: no)
	set .ShowZeny,0;	// Show Zeny cost, if any? (1: yes / 0: no)

// Shop categories, if needed: "<Shop 1>","<Shop 2>"{,...};

// Item Shop Quest, with Viewer
// Duplicate dummy data for any additional shops (bottom of script).
// If no categories, use the second line instead (remove //).

	setarray .Shops$[1],"Headgear","Armor","Weapons","Shield","Garments","Footgears","Accesories";
	// set .Shops$,"n/a";

// Add(<shop number>,<reward ID>,<reward amount>,<Zeny cost>,<point cost>,
//     <required item ID>,<required item amount>{,...});
// Shop number corresponds with order above (default is 1).
// Note: Do NOT use a reward item more than once!


//   shopname, reward-item, reward-amount, zenny-0, cashpoints, coin-id, required-item-amount
	
	//Headgears
	Add(1,4438,1,-1,0,7959,100);
	Add(1,4379,1,-1,0,7959,100);
	Add(1,4288,1,-1,0,7959,100);
	Add(1,4229,1,-1,0,7959,100);
	Add(1,4041,1,-1,0,7959,100);
	Add(1,4296,1,-1,0,7959,100);
	Add(1,4169,1,-1,0,7959,100);
	Add(1,4122,1,-1,0,7959,100);
	Add(1,4177,1,-1,0,7959,100);
	Add(1,4052,1,-1,0,7959,100);
	Add(1,4258,1,-1,0,7959,100);
	Add(1,4354,1,-1,0,7959,100);
	Add(1,4110,1,-1,0,7959,100);
	Add(1,4271,1,-1,0,7959,100);
	Add(1,4278,1,-1,0,7959,100);
	Add(1,4087,1,-1,0,7959,100);
	Add(1,4161,1,-1,0,7959,100);
	Add(1,4343,1,-1,0,7959,100);
	Add(1,4269,1,-1,0,7959,100);
	Add(1,4412,1,-1,0,7959,100);
	Add(1,4366,1,-1,0,7959,100);
	Add(1,4434,1,-1,0,7959,100);
	Add(1,4195,1,-1,0,7959,100);
	Add(1,4188,1,-1,0,7959,100);
	Add(1,4112,1,-1,0,7959,100);
	Add(1,4364,1,-1,0,7959,100);
	Add(1,4046,1,-1,0,7959,100);
	Add(1,4206,1,-1,0,7959,100);
	Add(1,4127,1,-1,0,7959,100);
	Add(1,4311,1,-1,0,7959,100);
	Add(1,4185,1,-1,0,7959,100);
	Add(1,4358,1,-1,0,7959,100);
	Add(1,4039,1,-1,0,7959,100);
	Add(1,4223,1,-1,0,7959,100);
	Add(1,4336,1,-1,0,7959,100);
	Add(1,4411,1,-1,0,7959,100);
	Add(1,4010,1,-1,0,7959,100);
	Add(1,4261,1,-1,0,7959,100);
	Add(1,4260,1,-1,0,7959,100);
	
	//Armor	
	Add(2,4409,1,-1,0,7959,100);
	Add(2,4401,1,-1,0,7959,100);
	Add(2,4400,1,-1,0,7959,100);
	Add(2,4387,1,-1,0,7959,100);
	Add(2,4234,1,-1,0,7959,100);
	Add(2,4243,1,-1,0,7959,100);
	Add(2,4242,1,-1,0,7959,100);
	Add(2,4371,1,-1,0,7959,100);
	Add(2,4114,1,-1,0,7959,100);
	Add(2,4023,1,-1,0,7959,100);
	Add(2,4233,1,-1,0,7959,100);
	Add(2,4119,1,-1,0,7959,100);
	Add(2,4213,1,-1,0,7959,100);
	Add(2,4300,1,-1,0,7959,100);
	Add(2,4299,1,-1,0,7959,100);
	Add(2,4061,1,-1,0,7959,100);
	Add(2,4298,1,-1,0,7959,100);
	Add(2,4170,1,-1,0,7959,100);
	Add(2,4173,1,-1,0,7959,100);
	Add(2,4370,1,-1,0,7959,100);
	Add(2,4181,1,-1,0,7959,100);
	Add(2,4098,1,-1,0,7959,100);
	Add(2,4279,1,-1,0,7959,100);
	Add(2,4410,1,-1,0,7959,100);
	Add(2,4346,1,-1,0,7959,100);
	Add(2,4141,1,-1,0,7959,100);
	Add(2,4405,1,-1,0,7959,100);
	Add(2,4280,1,-1,0,7959,100);
	Add(2,4270,1,-1,0,7959,100);
	Add(2,4150,1,-1,0,7959,100);
	Add(2,4162,1,-1,0,7959,100);
	Add(2,4286,1,-1,0,7959,100);
	Add(2,4301,1,-1,0,7959,100);
	Add(2,4295,1,-1,0,7959,100);
	Add(2,4191,1,-1,0,7959,100);
	Add(2,4201,1,-1,0,7959,100);
	Add(2,4105,1,-1,0,7959,100);
	Add(2,4339,1,-1,0,7959,100);
	Add(2,4166,1,-1,0,7959,100);
	Add(2,4392,1,-1,0,7959,100);
	Add(2,4338,1,-1,0,7959,100);
	Add(2,4099,1,-1,0,7959,100);
	Add(2,4031,1,-1,0,7959,100);
	Add(2,4315,1,-1,0,7959,100);
	Add(2,4008,1,-1,0,7959,100);
	Add(2,4011,1,-1,0,7959,100);
	Add(2,4337,1,-1,0,7959,100);
	Add(2,4001,1,-1,0,7959,100);
	Add(2,4003,1,-1,0,7959,100);
	Add(2,4383,1,-1,0,7959,100);
	Add(2,4353,1,-1,0,7959,100);
	Add(2,4021,1,-1,0,7959,100);
	Add(2,4014,1,-1,0,7959,100);
	Add(2,4194,1,-1,0,7959,100);
	Add(2,4101,1,-1,0,7959,100);
	Add(2,4216,1,-1,0,7959,100);
	Add(2,4078,1,-1,0,7959,100);
	Add(2,4393,1,-1,0,7959,100);
	Add(2,4222,1,-1,0,7959,100);
	Add(2,4404,1,-1,0,7959,100);
	Add(2,4158,1,-1,0,7959,100);
	Add(2,4220,1,-1,0,7959,100);
	Add(2,4042,1,-1,0,7959,100);
	Add(2,4218,1,-1,0,7959,100);
	Add(2,4089,1,-1,0,7959,100);
	Add(2,4016,1,-1,0,7959,100);
	Add(2,4369,1,-1,0,7959,100);
	Add(2,4333,1,-1,0,7959,100);
	Add(2,4332,1,-1,0,7959,100);
	Add(2,4259,1,-1,0,7959,100);
	Add(2,4189,1,-1,0,7959,100);
	Add(2,4382,1,-1,0,7959,100);

	// Weapon
	Add(3,4140,1,-1,0,7959,100);
	Add(3,4062,1,-1,0,7959,100);
	Add(3,4043,1,-1,0,7959,100);
	Add(3,4018,1,-1,0,7959,100);
	Add(3,4094,1,-1,0,7959,100);
	Add(3,4246,1,-1,0,7959,100);
	Add(3,4247,1,-1,0,7959,100);
	Add(3,4307,1,-1,0,7959,100);
	Add(3,4320,1,-1,0,7959,100);
	Add(3,4214,1,-1,0,7959,100);
	Add(3,4428,1,-1,0,7959,100);
	Add(3,4390,1,-1,0,7959,100);
	Add(3,4063,1,-1,0,7959,100);
	Add(3,4289,1,-1,0,7959,100);
	Add(3,4368,1,-1,0,7959,100);
	Add(3,4284,1,-1,0,7959,100);
	Add(3,4452,1,-1,0,7959,100);
	Add(3,4202,1,-1,0,7959,100);
	Add(3,4153,1,-1,0,7959,100);
	Add(3,4297,1,-1,0,7959,100);
	Add(3,4171,1,-1,0,7959,100);
	Add(3,4388,1,-1,0,7959,100);
	Add(3,4082,1,-1,0,7959,100);
	Add(3,4125,1,-1,0,7959,100);
	Add(3,4182,1,-1,0,7959,100);
	Add(3,4069,1,-1,0,7959,100);
	Add(3,4180,1,-1,0,7959,100);
	Add(3,4004,1,-1,0,7959,100);
	Add(3,4421,1,-1,0,7959,100);
	Add(3,4176,1,-1,0,7959,100);
	Add(3,4118,1,-1,0,7959,100);
	Add(3,4251,1,-1,0,7959,100);
	Add(3,4360,1,-1,0,7959,100);
	Add(3,4002,1,-1,0,7959,100);
	Add(3,4316,1,-1,0,7959,100);
	Add(3,4020,1,-1,0,7959,100);
	Add(3,4026,1,-1,0,7959,100);
	Add(3,4080,1,-1,0,7959,100);
	Add(3,4323,1,-1,0,7959,100);
	Add(3,4165,1,-1,0,7959,100);
	Add(3,4157,1,-1,0,7959,100);
	Add(3,4060,1,-1,0,7959,100);
	Add(3,4155,1,-1,0,7959,100);
	Add(3,4156,1,-1,0,7959,100);
	Add(3,4072,1,-1,0,7959,100);
	Add(3,4163,1,-1,0,7959,100);
	Add(3,4345,1,-1,0,7959,100);
	Add(3,4019,1,-1,0,7959,100);
	Add(3,4362,1,-1,0,7959,100);
	Add(3,4115,1,-1,0,7959,100);
	Add(3,4035,1,-1,0,7959,100);
	Add(3,4268,1,-1,0,7959,100);
	Add(3,4065,1,-1,0,7959,100);
	Add(3,4292,1,-1,0,7959,100);
	Add(3,4291,1,-1,0,7959,100);
	Add(3,4350,1,-1,0,7959,100);
	Add(3,4184,1,-1,0,7959,100);
	Add(3,4006,1,-1,0,7959,100);
	Add(3,4076,1,-1,0,7959,100);
	Add(3,4030,1,-1,0,7959,100);
	Add(3,4055,1,-1,0,7959,100);
	Add(3,4341,1,-1,0,7959,100);
	Add(3,4057,1,-1,0,7959,100);
	Add(3,4126,1,-1,0,7959,100);
	Add(3,4317,1,-1,0,7959,100);
	Add(3,4106,1,-1,0,7959,100);
	Add(3,4203,1,-1,0,7959,100);
	Add(3,4440,1,-1,0,7959,100);
	Add(3,4167,1,-1,0,7959,100);
	Add(3,4255,1,-1,0,7959,100);
	Add(3,4085,1,-1,0,7959,100);
	Add(3,4310,1,-1,0,7959,100);
	Add(3,4007,1,-1,0,7959,100);
	Add(3,4329,1,-1,0,7959,100);
	Add(3,4335,1,-1,0,7959,100);
	Add(3,4024,1,-1,0,7959,100);
	Add(3,4380,1,-1,0,7959,100);
	Add(3,4104,1,-1,0,7959,100);
	Add(3,4192,1,-1,0,7959,100);
	Add(3,4005,1,-1,0,7959,100);
	Add(3,4017,1,-1,0,7959,100);
	Add(3,4068,1,-1,0,7959,100);
	Add(3,4130,1,-1,0,7959,100);
	Add(3,4312,1,-1,0,7959,100);
	Add(3,4273,1,-1,0,7959,100);
	Add(3,4117,1,-1,0,7959,100);
	Add(3,4406,1,-1,0,7959,100);
	Add(3,4025,1,-1,0,7959,100);
	Add(3,4092,1,-1,0,7959,100);
	Add(3,4037,1,-1,0,7959,100);
	Add(3,4394,1,-1,0,7959,100);
	Add(3,4086,1,-1,0,7959,100);
	Add(3,4225,1,-1,0,7959,100);
	Add(3,4111,1,-1,0,7959,100);
	Add(3,4427,1,-1,0,7959,100);
	Add(3,4398,1,-1,0,7959,100);
	Add(3,4395,1,-1,0,7959,100);
	Add(3,4172,1,-1,0,7959,100);
	Add(3,4308,1,-1,0,7959,100);
	Add(3,4049,1,-1,0,7959,100);
	Add(3,4029,1,-1,0,7959,100);
	Add(3,4096,1,-1,0,7959,100);
	Add(3,4281,1,-1,0,7959,100);
	Add(3,4274,1,-1,0,7959,100);
	
	// Shield	
	Add(4,4444,1,-1,0,7959,100);
	Add(4,4253,1,-1,0,7959,100);
	Add(4,4032,1,-1,0,7959,100);
	Add(4,4248,1,-1,0,7959,100);
	Add(4,4013,1,-1,0,7959,100);
	Add(4,4138,1,-1,0,7959,100);
	Add(4,4240,1,-1,0,7959,100);
	Add(4,4075,1,-1,0,7959,100);
	Add(4,4074,1,-1,0,7959,100);
	Add(4,4217,1,-1,0,7959,100);
	Add(4,4439,1,-1,0,7959,100);
	Add(4,4322,1,-1,0,7959,100);
	Add(4,4413,1,-1,0,7959,100);
	Add(4,4045,1,-1,0,7959,100);
	Add(4,4231,1,-1,0,7959,100);
	Add(4,4136,1,-1,0,7959,100);
	Add(4,4124,1,-1,0,7959,100);
	Add(4,4067,1,-1,0,7959,100);
	Add(4,4090,1,-1,0,7959,100);
	Add(4,4420,1,-1,0,7959,100);
	Add(4,4207,1,-1,0,7959,100);
	Add(4,4066,1,-1,0,7959,100);
	Add(4,4309,1,-1,0,7959,100);
	Add(4,4314,1,-1,0,7959,100);
	Add(4,4083,1,-1,0,7959,100);
	Add(4,4414,1,-1,0,7959,100);
	Add(4,4120,1,-1,0,7959,100);
	Add(4,4059,1,-1,0,7959,100);
	Add(4,4226,1,-1,0,7959,100);
	Add(4,4304,1,-1,0,7959,100);
	Add(4,4340,1,-1,0,7959,100);
	Add(4,4397,1,-1,0,7959,100);
	Add(4,4058,1,-1,0,7959,100);
	Add(4,4012,1,-1,0,7959,100);
	Add(4,4254,1,-1,0,7959,100);
	Add(4,4277,1,-1,0,7959,100);
	

	//Garment
	Add(5,4402,1,-1,0,7959,100);
	Add(5,4129,1,-1,0,7959,100);
	Add(5,4285,1,-1,0,7959,100);
	Add(5,4373,1,-1,0,7959,100);
	Add(5,4015,1,-1,0,7959,100);
	Add(5,4179,1,-1,0,7959,100);
	Add(5,4178,1,-1,0,7959,100);
	Add(5,4056,1,-1,0,7959,100);
	Add(5,4266,1,-1,0,7959,100);
	Add(5,4088,1,-1,0,7959,100);
	Add(5,4303,1,-1,0,7959,100);
	Add(5,4325,1,-1,0,7959,100);
	Add(5,4081,1,-1,0,7959,100);
	Add(5,4116,1,-1,0,7959,100);
	Add(5,4109,1,-1,0,7959,100);
	Add(5,4287,1,-1,0,7959,100);
	Add(5,4431,1,-1,0,7959,100);
	Add(5,4351,1,-1,0,7959,100);
	Add(5,4432,1,-1,0,7959,100);
	Add(5,4113,1,-1,0,7959,100);
	Add(5,4095,1,-1,0,7959,100);
	Add(5,4197,1,-1,0,7959,100);
	Add(5,4108,1,-1,0,7959,100);
	Add(5,4159,1,-1,0,7959,100);
	Add(5,4334,1,-1,0,7959,100);
	Add(5,4375,1,-1,0,7959,100);
	Add(5,4071,1,-1,0,7959,100);
	Add(5,4313,1,-1,0,7959,100);
	Add(5,4133,1,-1,0,7959,100);
	Add(5,4422,1,-1,0,7959,100);
	Add(5,4429,1,-1,0,7959,100);
	Add(5,4306,1,-1,0,7959,100);
	Add(5,4183,1,-1,0,7959,100);
	Add(5,4211,1,-1,0,7959,100);
	Add(5,4210,1,-1,0,7959,100);
	Add(5,4102,1,-1,0,7959,100);
	
	//Footgear
	Add(6,4244,1,-1,0,7959,100);
	Add(6,4245,1,-1,0,7959,100);
	Add(6,4249,1,-1,0,7959,100);
	Add(6,4009,1,-1,0,7959,100);
	Add(6,4235,1,-1,0,7959,100);
	Add(6,4070,1,-1,0,7959,100);
	Add(6,4267,1,-1,0,7959,100);
	Add(6,4160,1,-1,0,7959,100);
	Add(6,4319,1,-1,0,7959,100);
	Add(6,4151,1,-1,0,7959,100);
	Add(6,4378,1,-1,0,7959,100);
	Add(6,4381,1,-1,0,7959,100);
	Add(6,4164,1,-1,0,7959,100);
	Add(6,4417,1,-1,0,7959,100);
	Add(6,4239,1,-1,0,7959,100);
	Add(6,4050,1,-1,0,7959,100);
	Add(6,4097,1,-1,0,7959,100);
	Add(6,4200,1,-1,0,7959,100);
	Add(6,4199,1,-1,0,7959,100);
	Add(6,4204,1,-1,0,7959,100);
	Add(6,4208,1,-1,0,7959,100);
	Add(6,4186,1,-1,0,7959,100);
	Add(6,4221,1,-1,0,7959,100);
	Add(6,4100,1,-1,0,7959,100);
	Add(6,4396,1,-1,0,7959,100);
	Add(6,4107,1,-1,0,7959,100);
	Add(6,4257,1,-1,0,7959,100);
	Add(6,4038,1,-1,0,7959,100);
	Add(6,4275,1,-1,0,7959,100);
	Add(6,4435,1,-1,0,7959,100);
	
	//Accesories	
	Add(7,4252,1,-1,0,7959,100);
	Add(7,4344,1,-1,0,7959,100);
	Add(7,4347,1,-1,0,7959,100);
	Add(7,4356,1,-1,0,7959,100);
	Add(7,4215,1,-1,0,7959,100);
	Add(7,4327,1,-1,0,7959,100);
	Add(7,4212,1,-1,0,7959,100);
	Add(7,4262,1,-1,0,7959,100);
	Add(7,4293,1,-1,0,7959,100);
	Add(7,4040,1,-1,0,7959,100);
	Add(7,4272,1,-1,0,7959,100);
	Add(7,4385,1,-1,0,7959,100);
	Add(7,4154,1,-1,0,7959,100);
	Add(7,4349,1,-1,0,7959,100);
	Add(7,4349,1,-1,0,7959,100);
	Add(7,4152,1,-1,0,7959,100);
	Add(7,4423,1,-1,0,7959,100);
	Add(7,4149,1,-1,0,7959,100);
	Add(7,4418,1,-1,0,7959,100);
	Add(7,4283,1,-1,0,7959,100);
	Add(7,4377,1,-1,0,7959,100);
	Add(7,4355,1,-1,0,7959,100);
	Add(7,4331,1,-1,0,7959,100);
	Add(7,4437,1,-1,0,7959,100);
	Add(7,4232,1,-1,0,7959,100);
	Add(7,4103,1,-1,0,7959,100);
	Add(7,4321,1,-1,0,7959,100);
	Add(7,4433,1,-1,0,7959,100);
	Add(7,4139,1,-1,0,7959,100);
	Add(7,4091,1,-1,0,7959,100);
	Add(7,4027,1,-1,0,7959,100);
	Add(7,4265,1,-1,0,7959,100);
	Add(7,4193,1,-1,0,7959,100);
	Add(7,4079,1,-1,0,7959,100);
	Add(7,4196,1,-1,0,7959,100);
	Add(7,4084,1,-1,0,7959,100);
	Add(7,4205,1,-1,0,7959,100);
	Add(7,4036,1,-1,0,7959,100);
	Add(7,4093,1,-1,0,7959,100);
	Add(7,4256,1,-1,0,7959,100);
	Add(7,4238,1,-1,0,7959,100);
	Add(7,4237,1,-1,0,7959,100);
	Add(7,4077,1,-1,0,7959,100);
	Add(7,4073,1,-1,0,7959,100);
	Add(7,4389,1,-1,0,7959,100);
	Add(7,4048,1,-1,0,7959,100);
	Add(7,4175,1,-1,0,7959,100);
	Add(7,4033,1,-1,0,7959,100);
	Add(7,4294,1,-1,0,7959,100);
	Add(7,4436,1,-1,0,7959,100);
	Add(7,4187,1,-1,0,7959,100);
	Add(7,4391,1,-1,0,7959,100);
	Add(7,4219,1,-1,0,7959,100);
	Add(7,4326,1,-1,0,7959,100);
	Add(7,4230,1,-1,0,7959,100);
	Add(7,4416,1,-1,0,7959,100);
	Add(7,4228,1,-1,0,7959,100);
	Add(7,4044,1,-1,0,7959,100);
	Add(7,4415,1,-1,0,7959,100);
	Add(7,4022,1,-1,0,7959,100);
	Add(7,4227,1,-1,0,7959,100);
	Add(7,4224,1,-1,0,7959,100);
	Add(7,4028,1,-1,0,7959,100);
	Add(7,4282,1,-1,0,7959,100);
	Add(7,4209,1,-1,0,7959,100);
	Add(7,4053,1,-1,0,7959,100);
	Add(7,4348,1,-1,0,7959,100);
	Add(7,4264,1,-1,0,7959,100);
	Add(7,4034,1,-1,0,7959,100);
	Add(7,4190,1,-1,0,7959,100);
	Add(7,4051,1,-1,0,7959,100);
	Add(7,4064,1,-1,0,7959,100);

	
	
// --------------------------------------------------
	for(set .@i,1; .@i<=getarraysize(.Shops$); set .@i,.@i+1)
		npcshopdelitem "cards"+.@i,909;
	end;
	close;
}
// -------- Dummy data (duplicate as needed) --------
-	shop	cards1	-1,909:-1 // Headgear
-	shop	cards2	-1,909:-1 // Armor
-	shop	cards3	-1,909:-1 // Weapon
-	shop	cards4	-1,909:-1 // Shield
-	shop	cards5	-1,909:-1 // Garment
-	shop	cards6	-1,909:-1 // Footgear
-	shop	cards7	-1,909:-1 // Acessory


